26

 N    0.000000    0.000000    0.000000
 N    0.000000    0.000000    6.465000
 N    0.000000    6.465000    0.000000
 N    0.000000    6.465000    6.465000
 N    6.465000    0.000000    0.000000
 N    6.465000    0.000000    6.465000
 N    6.465000    6.465000    0.000000
 N    6.465000    6.465000    6.465000
 N    3.232500    3.232500    4.512570
 N    3.232500    3.232500    1.952430
 N    4.512570    3.232500    3.232500
 N    1.952430    3.232500    3.232500
 N    3.232500    4.512570    3.232500
 N    3.232500    1.952430    3.232500
Cl    0.000000    3.232500    0.000000
Cl    0.000000    3.232500    6.465000
Cl    6.465000    3.232500    0.000000
Cl    6.465000    3.232500    6.465000
Cl    0.000000    0.000000    3.232500
Cl    0.000000    6.465000    3.232500
Cl    6.465000    0.000000    3.232500
Cl    6.465000    6.465000    3.232500
Cl    3.232500    0.000000    0.000000
Cl    3.232500    0.000000    6.465000
Cl    3.232500    6.465000    0.000000
Cl    3.232500    6.465000    6.465000
