15

 H    0.557131    2.525534    1.392633
 H    4.641945    0.451685    3.376659
 H    0.896218    3.708044    2.728036
 H    4.302857    1.634194    2.041257
 C    0.746747    3.567851    1.672114
 C    4.452328    1.494001    3.097179
Cl    2.211126    4.122399    0.810303
Cl    2.987949    2.048549    3.958990
 F   -0.317462    0.176277    1.253370
 F    5.516537    2.250127    3.515923
 F   -0.317462    4.323977    1.253370
 C    0.746747   -0.579848    1.672114
 H    0.557131   -1.622165    1.392633
 H    0.896218   -0.439656    2.728036
Cl    2.211126   -0.025301    0.810303
