152

 K    0.000000    0.000000    0.000000
 K   -1.167340   -0.008541    3.794489
 K   -1.140346    7.240753    0.000000
 K   -2.307686    7.232212    3.794489
 K    6.230000    0.000000    0.000000
 K    5.062660   -0.008541    3.794489
 K    5.089654    7.240753    0.000000
 K    3.922314    7.232212    3.794489
 C    1.747685    1.724672    2.606814
 C    2.383626    3.086686    2.272899
 C    1.691716    3.942760    1.532973
 C    2.223730    5.319468    1.104196
 C    3.811028    3.244667    2.857250
 O    0.586572    1.443171    2.212187
 O    2.381973    0.969892    3.380889
 O    3.256382    5.810891    1.525385
 O    1.387951    6.023444    0.383243
 O   -0.665932   -1.421321   -2.269104
 O   -1.833272   -1.429862    1.525385
 O   -2.680687    0.978433   -0.413599
 O    2.528297   -1.217309    0.383243
 O    1.753912    1.451712   -1.582302
 O   -3.000612   -1.438403    5.319873
 O   -3.848027    0.969892    3.380889
 O    1.360957   -1.225850    4.177732
 O   -0.580768    1.434630    6.006676
 O   -1.806278    5.819432   -2.269104
 O   -2.973618    5.810891    1.525385
 O   -3.821033    8.219186   -0.413599
 O    0.613566    8.692466   -1.582302
 O   -0.553774    8.683925    2.212187
 O   -4.140958    5.802350    5.319873
 O   -4.988373    8.210645    3.380889
 O    0.220611    6.014903    4.177732
 O   -1.721114    8.675384    6.006676
 O    5.564068   -1.421321   -2.269104
 O    4.396728   -1.429862    1.525385
 O    3.549313    0.978433   -0.413599
 O    8.758297   -1.217309    0.383243
 O    7.983912    1.451712   -1.582302
 O    6.816572    1.443171    2.212187
 O    3.229388   -1.438403    5.319873
 O    7.590957   -1.225850    4.177732
 O    5.649232    1.434630    6.006676
 O    4.423722    5.819432   -2.269104
 O    2.408967    8.219186   -0.413599
 O    7.617951    6.023444    0.383243
 O    6.843566    8.692466   -1.582302
 O    5.676226    8.683925    2.212187
 O    2.089042    5.802350    5.319873
 O    1.241627    8.210645    3.380889
 O    6.450611    6.014903    4.177732
 O    4.508886    8.675384    6.006676
 C   -1.698584   -1.912744   -2.690292
 C   -2.865924   -1.921285    1.104196
 C   -3.314975    1.733213   -1.187675
 C    3.364076   -1.921285    1.104196
 C    2.915025    1.733213   -1.187675
 C   -4.033264   -1.929826    4.898685
 C   -4.482315    1.724672    2.606814
 C    2.196736   -1.929826    4.898685
 C    0.580345    1.716131    6.401302
 C   -2.838930    5.328009   -2.690292
 C   -4.006270    5.319468    1.104196
 C   -4.455321    8.973967   -1.187675
 C    1.774679    8.973967   -1.187675
 C    0.607339    8.965426    2.606814
 C   -5.173610    5.310928    4.898685
 C   -5.622661    8.965426    2.606814
 C    1.056390    5.310928    4.898685
 C   -0.560001    8.956885    6.401302
 C    4.531416   -1.912744   -2.690292
 C    9.594076   -1.921285    1.104196
 C    9.145025    1.733213   -1.187675
 C    7.977685    1.724672    2.606814
 C    8.426736   -1.929826    4.898685
 C    6.810345    1.716131    6.401302
 C    3.391070    5.328009   -2.690292
 C    8.453730    5.319468    1.104196
 C    8.004679    8.973967   -1.187675
 C    6.837339    8.965426    2.606814
 C    7.286390    5.310928    4.898685
 C    5.669999    8.956885    6.401302
 C   -2.230598   -3.289452   -2.261515
 O   -2.534363   -1.208768   -3.411245
 C   -3.397938   -3.297993    1.532973
 O   -3.701703   -1.217309    0.383243
 O   -4.476088    1.451712   -1.582302
 C   -2.679034    3.095227   -1.521590
 C    2.832062   -3.297993    1.532973
 C    3.550966    3.095227   -1.521590
 C   -4.565278   -3.306534    5.327462
 O   -4.869043   -1.225850    4.177732
 O   -5.643428    1.443171    2.212187
 C   -3.846374    3.086686    2.272899
 C    1.664722   -3.306534    5.327462
 O    1.214633    0.961351    7.175378
 C    1.216286    3.078145    6.067387
 C   -3.370944    3.951301   -2.261515
 O   -3.674709    6.031985   -3.411245
 C   -4.538284    3.942760    1.532973
 O   -4.842049    6.023444    0.383243
 O   -5.616434    8.692466   -1.582302
 C   -3.819380   10.335980   -1.521590
 C    2.410620   10.335980   -1.521590
 C    1.243280   10.327439    2.272899
 C   -5.705624    3.934219    5.327462
 O   -6.009389    6.014903    4.177732
 O   -6.783774    8.683925    2.212187
 C   -4.986720   10.327439    2.272899
 C    0.524376    3.934219    5.327462
 O    0.074287    8.202104    7.175378
 C    0.075940   10.318898    6.067387
 C    3.999402   -3.289452   -2.261515
 O    3.695637   -1.208768   -3.411245
 C    9.062062   -3.297993    1.532973
 O   10.626728   -1.429862    1.525385
 O    9.779313    0.978433   -0.413599
 C    9.780966    3.095227   -1.521590
 O    8.611973    0.969892    3.380889
 C    8.613626    3.086686    2.272899
 C    7.894722   -3.306534    5.327462
 O    9.459388   -1.438403    5.319873
 O    7.444633    0.961351    7.175378
 C    7.446286    3.078145    6.067387
 C    2.859056    3.951301   -2.261515
 O    2.555291    6.031985   -3.411245
 C    7.921716    3.942760    1.532973
 O    9.486382    5.810891    1.525385
 O    8.638968    8.219186   -0.413599
 C    8.640620   10.335980   -1.521590
 O    7.471628    8.210645    3.380889
 C    7.473280   10.327439    2.272899
 C    6.754376    3.934219    5.327462
 O    8.319042    5.802350    5.319873
 O    6.304288    8.202104    7.175378
 C    6.305940   10.318898    6.067387
 C   -1.251632    3.253208   -0.937239
 C   -2.418972    3.244667    2.857250
 C   -2.391978   10.493961   -0.937239
 C   -3.559318   10.485420    2.857250
 C    4.978368    3.253208   -0.937239
 C    2.643688    3.236126    6.651739
 C    3.838022   10.493961   -0.937239
 C    2.670682   10.485420    2.857250
 C    1.503342   10.476879    6.651739
 C   11.208368    3.253208   -0.937239
 C   10.041028    3.244667    2.857250
 C    8.873688    3.236126    6.651739
 C   10.068022   10.493961   -0.937239
 C    8.900682   10.485420    2.857250
 C    7.733342   10.476879    6.651739
