15

Li    1.587158    2.628411    1.109373
 C    2.950757    0.167013    2.150686
 C    2.836858    5.627700    1.395224
 O    1.036578    0.475774    0.728239
 O    4.661925    5.431918    2.844895
 O    3.077744    1.411485    2.021373
 O    2.605878    4.425725    1.456477
 O    0.355185    2.768235    2.678149
 O    0.835333    3.070985   -0.724836
 C    1.809563   -0.446035    1.395224
 O    3.634630   -0.641818    2.844895
 O    2.063873    6.549509    0.728239
 C    3.978052    6.240748    2.150686
 O    1.578583   -1.648011    1.456477
 O    4.105039    7.485221    2.021373
