24

In    2.192000    2.192000    6.946500
In    0.000000    0.000000    0.000000
In    0.000000    0.000000   13.893000
In    0.000000    4.384000    0.000000
In    0.000000    4.384000   13.893000
In    4.384000    0.000000    0.000000
In    4.384000    0.000000   13.893000
In    4.384000    4.384000    0.000000
In    4.384000    4.384000   13.893000
 C    2.192000    2.192000    9.062404
 C    0.000000    0.000000    2.115904
 C    0.000000    4.384000    2.115904
 C    4.384000    0.000000    2.115904
 C    4.384000    4.384000    2.115904
 C    2.192000    2.192000    4.734734
 C    0.000000    0.000000   11.681234
 C    0.000000    4.384000   11.681234
 C    4.384000    0.000000   11.681234
 C    4.384000    4.384000   11.681234
Br    0.000000    0.000000    6.774227
Br    0.000000    4.384000    6.774227
Br    4.384000    0.000000    6.774227
Br    4.384000    4.384000    6.774227
Br    2.192000    2.192000   13.720727
