16

As    1.553142    0.487975    1.147354
As   10.162426    5.955055    5.280402
 C    5.851450    4.304208    1.795915
 C    5.864118    2.138821    4.631841
 C    2.704789    1.746763    1.959823
 C    9.010779    4.696267    4.467933
 O    2.924596    1.506749    5.961101
 O    8.790972    4.936280    0.466655
 O    6.597428    0.862740    1.634578
 O    5.118140    5.580289    4.793178
 O    0.067427    0.862740    1.634578
 C    1.954297   -1.292631    1.795915
 O    1.636181    0.660559   -0.466655
 O   10.079387    5.782471    6.894411
 C    9.761270    7.735660    4.631841
 O   11.648140    5.580289    4.793178
